24  253   1   1     0.000    0.000    0.000   0.000   0.000   0.000   0.000 t000_ L
24  252   2   2     0.000    0.000    0.000   0.000   0.000   0.000   0.000 t000_ R
24  251   3   3     0.000    0.000    0.000   0.000   0.000   0.000   0.000 t000_ L
24  250   4   4     0.000    0.000    0.000   0.000   0.000   0.000   0.000 t000_ E
24  249   5   5     0.000    0.000    0.000   0.000   0.000   0.000   0.000 t000_ V
24  248   6   6     0.000    0.000    0.000   0.000   0.000   0.000   0.000 t000_ K
24  247   7   7     0.000    0.000    0.000   0.000   0.000   0.000   0.000 t000_ L
24  246   8   8     0.000    0.000    0.000   0.000   0.000   0.000   0.000 t000_ G
24  245   9   9     0.000    0.000    0.000   0.000   0.000   0.000   0.000 t000_ Q
24  244  10  10     0.000    0.000    0.000   0.000   0.000   0.000   0.000 t000_ G
24  243  11  11     0.000    0.000    0.000   0.000   0.000   0.000   0.000 t000_ C
24  242  12  12     0.000    0.000    0.000   0.000   0.000   0.000   0.000 t000_ F
24  241  13  13     0.000    0.000    0.000   0.000   0.000   0.000   0.000 t000_ G
24  240  14  14     0.000    0.000    0.000   0.000   0.000   0.000   0.000 t000_ E
24  239  15  15     0.000    0.000    0.000   0.000   0.000   0.000   0.000 t000_ V
24  238  16  16     0.000    0.000    0.000   0.000   0.000   0.000   0.000 t000_ W
24  237  17  17     0.000    0.000    0.000   0.000   0.000   0.000   0.000 t000_ M
24  236  18  18     0.000    0.000    0.000   0.000   0.000   0.000   0.000 t000_ G
24  235  19  19     0.000    0.000    0.000   0.000   0.000   0.000   0.000 t000_ T
24  234  20  20     0.000    0.000    0.000   0.000   0.000   0.000   0.000 t000_ W
24  233  21  21     0.000    0.000    0.000   0.000   0.000   0.000   0.000 t000_ N
24  232  22  22     0.000    0.000    0.000   0.000   0.000   0.000   0.000 t000_ G
24  231  23  23     0.000    0.000    0.000   0.000   0.000   0.000   0.000 t000_ T
24  230  24  24     0.000    0.000    0.000   0.000   0.000   0.000   0.000 t000_ T
24  229  25  25     0.000    0.000    0.000   0.000   0.000   0.000   0.000 t000_ R
24  228  26  26     0.000    0.000    0.000   0.000   0.000   0.000   0.000 t000_ V
24  227  27  27     0.000    0.000    0.000   0.000   0.000   0.000   0.000 t000_ A
24  226  28  28     0.000    0.000    0.000   0.000   0.000   0.000   0.000 t000_ I
24  225  29  29     0.000    0.000    0.000   0.000   0.000   0.000   0.000 t000_ K
24  224  30  30     0.000    0.000    0.000   0.000   0.000   0.000   0.000 t000_ T
24  223  31  31     0.000    0.000    0.000   0.000   0.000   0.000   0.000 t000_ L
24  222  32  32     0.000    0.000    0.000   0.000   0.000   0.000   0.000 t000_ K
24  221  33  33     0.000    0.000    0.000   0.000   0.000   0.000   0.000 t000_ P
24  220  34  34     0.000    0.000    0.000   0.000   0.000   0.000   0.000 t000_ G
24  219  35  35     0.000    0.000    0.000   0.000   0.000   0.000   0.000 t000_ T
24  218  36  36     0.000    0.000    0.000   0.000   0.000   0.000   0.000 t000_ M
24  217  37  37     0.000    0.000    0.000   0.000   0.000   0.000   0.000 t000_ S
24  216  38  38     0.000    0.000    0.000   0.000   0.000   0.000   0.000 t000_ P
24  215  39  39     0.000    0.000    0.000   0.000   0.000   0.000   0.000 t000_ E
24  214  40  40     0.000    0.000    0.000   0.000   0.000   0.000   0.000 t000_ A
24  213  41  41     0.000    0.000    0.000   0.000   0.000   0.000   0.000 t000_ F
24  212  42  42     0.000    0.000    0.000   0.000   0.000   0.000   0.000 t000_ L
24  211  43  43     0.000    0.000    0.000   0.000   0.000   0.000   0.000 t000_ Q
24  210  44  44     0.000    0.000    0.000   0.000   0.000   0.000   0.000 t000_ E
24  209  45  45     0.000    0.000    0.000   0.000   0.000   0.000   0.000 t000_ A
24  208  46  46     0.000    0.000    0.000   0.000   0.000   0.000   0.000 t000_ Q
24  207  47  47     0.000    0.000    0.000   0.000   0.000   0.000   0.000 t000_ V
24  206  48  48     0.000    0.000    0.000   0.000   0.000   0.000   0.000 t000_ M
24  205  49  49     0.000    0.000    0.000   0.000   0.000   0.000   0.000 t000_ K
24  204  50  50     0.000    0.000    0.000   0.000   0.000   0.000   0.000 t000_ K
24  203  51  51     0.000    0.000    0.000   0.000   0.000   0.000   0.000 t000_ L
24  202  52  52     0.000    0.000    0.000   0.000   0.000   0.000   0.000 t000_ R
24  201  53  53     0.000    0.000    0.000   0.000   0.000   0.000   0.000 t000_ H
24  200  54  54     0.000    0.000    0.000   0.000   0.000   0.000   0.000 t000_ E
24  199  55  55     0.000    0.000    0.000   0.000   0.000   0.000   0.000 t000_ K
24  198  56  56     0.000    0.000    0.000   0.000   0.000   0.000   0.000 t000_ L
24  197  57  57     0.000    0.000    0.000   0.000   0.000   0.000   0.000 t000_ V
24  196  58  58     0.000    0.000    0.000   0.000   0.000   0.000   0.000 t000_ Q
24  195  59  59     0.000    0.000    0.000   0.000   0.000   0.000   0.000 t000_ L
24  194  60  60     0.000    0.000    0.000   0.000   0.000   0.000   0.000 t000_ Y
24  193  61  61     0.000    0.000    0.000   0.000   0.000   0.000   0.000 t000_ A
24  192  62  62     0.000    0.000    0.000   0.000   0.000   0.000   0.000 t000_ V
24  191  63  63     0.000    0.000    0.000   0.000   0.000   0.000   0.000 t000_ V
24  190  64  64     0.000    0.000    0.000   0.000   0.000   0.000   0.000 t000_ S
24  189  65  65     0.000    0.000    0.000   0.000   0.000   0.000   0.000 t000_ E
24  188  66  66     0.000    0.000    0.000   0.000   0.000   0.000   0.000 t000_ E
24  187  67  67     0.000    0.000    0.000   0.000   0.000   0.000   0.000 t000_ P
24  186  68  68     0.000    0.000    0.000   0.000   0.000   0.000   0.000 t000_ I
24  185  69  69     0.000    0.000    0.000   0.000   0.000   0.000   0.000 t000_ Y
24  184  70  70     0.000    0.000    0.000   0.000   0.000   0.000   0.000 t000_ I
24  183  71  71     0.000    0.000    0.000   0.000   0.000   0.000   0.000 t000_ V
24  182  72  72     0.000    0.000    0.000   0.000   0.000   0.000   0.000 t000_ T
24  181  73  73     0.000    0.000    0.000   0.000   0.000   0.000   0.000 t000_ E
24  180  74  74     0.000    0.000    0.000   0.000   0.000   0.000   0.000 t000_ Y
24  179  75  75     0.000    0.000    0.000   0.000   0.000   0.000   0.000 t000_ M
24  178  76  76     0.000    0.000    0.000   0.000   0.000   0.000   0.000 t000_ S
24  177  77  77     0.000    0.000    0.000   0.000   0.000   0.000   0.000 t000_ K
24  176  78  78     0.000    0.000    0.000   0.000   0.000   0.000   0.000 t000_ G
24  175  79  79     0.000    0.000    0.000   0.000   0.000   0.000   0.000 t000_ S
24  174  80  80     0.000    0.000    0.000   0.000   0.000   0.000   0.000 t000_ L
24  173  81  81     0.000    0.000    0.000   0.000   0.000   0.000   0.000 t000_ L
24  172  82  82     0.000    0.000    0.000   0.000   0.000   0.000   0.000 t000_ D
24  171  83  83     0.000    0.000    0.000   0.000   0.000   0.000   0.000 t000_ F
24  170  84  84     0.000    0.000    0.000   0.000   0.000   0.000   0.000 t000_ L
24  169  85  85     0.000    0.000    0.000   0.000   0.000   0.000   0.000 t000_ K
24  168  86  86     0.000    0.000    0.000   0.000   0.000   0.000   0.000 t000_ G
24  167  87  87     0.000    0.000    0.000   0.000   0.000   0.000   0.000 t000_ E
24  166  88  88     0.000    0.000    0.000   0.000   0.000   0.000   0.000 t000_ T
24  165  89  89     0.000    0.000    0.000   0.000   0.000   0.000   0.000 t000_ G
24  164  90  90     0.000    0.000    0.000   0.000   0.000   0.000   0.000 t000_ K
24  163  91  91     0.000    0.000    0.000   0.000   0.000   0.000   0.000 t000_ Y
24  162  92  92     0.000    0.000    0.000   0.000   0.000   0.000   0.000 t000_ L
24  161  93  93     0.000    0.000    0.000   0.000   0.000   0.000   0.000 t000_ R
24  160  94  94     0.000    0.000    0.000   0.000   0.000   0.000   0.000 t000_ L
24  159  95  95     0.000    0.000    0.000   0.000   0.000   0.000   0.000 t000_ P
24  158  96  96     0.000    0.000    0.000   0.000   0.000   0.000   0.000 t000_ Q
24  157  97  97     0.000    0.000    0.000   0.000   0.000   0.000   0.000 t000_ L
24  156  98  98     0.000    0.000    0.000   0.000   0.000   0.000   0.000 t000_ V
24  155  99  99     0.000    0.000    0.000   0.000   0.000   0.000   0.000 t000_ D
24  154 100 100     0.000    0.000    0.000   0.000   0.000   0.000   0.000 t000_ M
24  153 101 101     0.000    0.000    0.000   0.000   0.000   0.000   0.000 t000_ A
24  152 102 102     0.000    0.000    0.000   0.000   0.000   0.000   0.000 t000_ A
24  151 103 103     0.000    0.000    0.000   0.000   0.000   0.000   0.000 t000_ Q
24  150 104 104     0.000    0.000    0.000   0.000   0.000   0.000   0.000 t000_ I
24  149 105 105     0.000    0.000    0.000   0.000   0.000   0.000   0.000 t000_ A
24  148 106 106     0.000    0.000    0.000   0.000   0.000   0.000   0.000 t000_ S
24  147 107 107     0.000    0.000    0.000   0.000   0.000   0.000   0.000 t000_ G
24  146 108 108     0.000    0.000    0.000   0.000   0.000   0.000   0.000 t000_ M
24  145 109 109     0.000    0.000    0.000   0.000   0.000   0.000   0.000 t000_ A
24  144 110 110     0.000    0.000    0.000   0.000   0.000   0.000   0.000 t000_ Y
24  143 111 111     0.000    0.000    0.000   0.000   0.000   0.000   0.000 t000_ V
24  142 112 112     0.000    0.000    0.000   0.000   0.000   0.000   0.000 t000_ E
24  141 113 113     0.000    0.000    0.000   0.000   0.000   0.000   0.000 t000_ R
24  140 114 114     0.000    0.000    0.000   0.000   0.000   0.000   0.000 t000_ M
24  139 115 115     0.000    0.000    0.000   0.000   0.000   0.000   0.000 t000_ N
24  138 116 116     0.000    0.000    0.000   0.000   0.000   0.000   0.000 t000_ Y
24  137 117 117     0.000    0.000    0.000   0.000   0.000   0.000   0.000 t000_ V
24  136 118 118     0.000    0.000    0.000   0.000   0.000   0.000   0.000 t000_ H
24  135 119 119     0.000    0.000    0.000   0.000   0.000   0.000   0.000 t000_ R
24  134 120 120     0.000    0.000    0.000   0.000   0.000   0.000   0.000 t000_ D
24  133 121 121     0.000    0.000    0.000   0.000   0.000   0.000   0.000 t000_ L
24  132 122 122     0.000    0.000    0.000   0.000   0.000   0.000   0.000 t000_ R
24  131 123 123     0.000    0.000    0.000   0.000   0.000   0.000   0.000 t000_ A
24  130 124 124     0.000    0.000    0.000   0.000   0.000   0.000   0.000 t000_ A
24  129 125 125     0.000    0.000    0.000   0.000   0.000   0.000   0.000 t000_ N
24  128 126 126     0.000    0.000    0.000   0.000   0.000   0.000   0.000 t000_ I
24  127 127 127     0.000    0.000    0.000   0.000   0.000   0.000   0.000 t000_ L
24  126 128 128     0.000    0.000    0.000   0.000   0.000   0.000   0.000 t000_ V
24  125 129 129     0.000    0.000    0.000   0.000   0.000   0.000   0.000 t000_ G
24  124 130 130     0.000    0.000    0.000   0.000   0.000   0.000   0.000 t000_ E
24  123 131 131     0.000    0.000    0.000   0.000   0.000   0.000   0.000 t000_ N
24  122 132 132     0.000    0.000    0.000   0.000   0.000   0.000   0.000 t000_ L
24  121 133 133     0.000    0.000    0.000   0.000   0.000   0.000   0.000 t000_ V
24  120 134 134     0.000    0.000    0.000   0.000   0.000   0.000   0.000 t000_ C
24  119 135 135     0.000    0.000    0.000   0.000   0.000   0.000   0.000 t000_ K
24  118 136 136     0.000    0.000    0.000   0.000   0.000   0.000   0.000 t000_ V
24  117 137 137     0.000    0.000    0.000   0.000   0.000   0.000   0.000 t000_ A
24  116 138 138     0.000    0.000    0.000   0.000   0.000   0.000   0.000 t000_ D
24  115 139 139     0.000    0.000    0.000   0.000   0.000   0.000   0.000 t000_ F
24  114 140 140     0.000    0.000    0.000   0.000   0.000   0.000   0.000 t000_ G
24  113 141 141     0.000    0.000    0.000   0.000   0.000   0.000   0.000 t000_ L
24  112 142 142     0.000    0.000    0.000   0.000   0.000   0.000   0.000 t000_ A
24  111 143 143     0.000    0.000    0.000   0.000   0.000   0.000   0.000 t000_ R
24  110 144 144     0.000    0.000    0.000   0.000   0.000   0.000   0.000 t000_ L
24  109 145 145     0.000    0.000    0.000   0.000   0.000   0.000   0.000 t000_ I
24  108 146 146     0.000    0.000    0.000   0.000   0.000   0.000   0.000 t000_ E
24  107 147 147     0.000    0.000    0.000   0.000   0.000   0.000   0.000 t000_ D
24  106 148 148     0.000    0.000    0.000   0.000   0.000   0.000   0.000 t000_ N
24  105 149 149     0.000    0.000    0.000   0.000   0.000   0.000   0.000 t000_ E
24  104 150 150     0.000    0.000    0.000   0.000   0.000   0.000   0.000 t000_ Y
24  103 151 151     0.000    0.000    0.000   0.000   0.000   0.000   0.000 t000_ T
24  102 152 152     0.000    0.000    0.000   0.000   0.000   0.000   0.000 t000_ A
24  101 153 153     0.000    0.000    0.000   0.000   0.000   0.000   0.000 t000_ R
24  100 154 154     0.000    0.000    0.000   0.000   0.000   0.000   0.000 t000_ Q
24   99 155 155     0.000    0.000    0.000   0.000   0.000   0.000   0.000 t000_ G
24   98 156 156     0.000    0.000    0.000   0.000   0.000   0.000   0.000 t000_ A
24   97 157 157     0.000    0.000    0.000   0.000   0.000   0.000   0.000 t000_ K
24   96 158 158     0.000    0.000    0.000   0.000   0.000   0.000   0.000 t000_ F
24   95 159 159     0.000    0.000    0.000   0.000   0.000   0.000   0.000 t000_ P
24   94 160 160     0.000    0.000    0.000   0.000   0.000   0.000   0.000 t000_ I
24   93 161 161     0.000    0.000    0.000   0.000   0.000   0.000   0.000 t000_ K
24   92 162 162     0.000    0.000    0.000   0.000   0.000   0.000   0.000 t000_ W
24   91 163 163     0.000    0.000    0.000   0.000   0.000   0.000   0.000 t000_ T
24   90 164 164     0.000    0.000    0.000   0.000   0.000   0.000   0.000 t000_ A
24   89 165 165     0.000    0.000    0.000   0.000   0.000   0.000   0.000 t000_ P
24   88 166 166     0.000    0.000    0.000   0.000   0.000   0.000   0.000 t000_ E
24   87 167 167     0.000    0.000    0.000   0.000   0.000   0.000   0.000 t000_ A
24   86 168 168     0.000    0.000    0.000   0.000   0.000   0.000   0.000 t000_ A
24   85 169 169     0.000    0.000    0.000   0.000   0.000   0.000   0.000 t000_ L
24   84 170 170     0.000    0.000    0.000   0.000   0.000   0.000   0.000 t000_ Y
24   83 171 171     0.000    0.000    0.000   0.000   0.000   0.000   0.000 t000_ G
24   82 172 172     0.000    0.000    0.000   0.000   0.000   0.000   0.000 t000_ R
24   81 173 173     0.000    0.000    0.000   0.000   0.000   0.000   0.000 t000_ F
24   80 174 174     0.000    0.000    0.000   0.000   0.000   0.000   0.000 t000_ T
24   79 175 175     0.000    0.000    0.000   0.000   0.000   0.000   0.000 t000_ I
24   78 176 176     0.000    0.000    0.000   0.000   0.000   0.000   0.000 t000_ K
24   77 177 177     0.000    0.000    0.000   0.000   0.000   0.000   0.000 t000_ S
24   76 178 178     0.000    0.000    0.000   0.000   0.000   0.000   0.000 t000_ D
24   75 179 179     0.000    0.000    0.000   0.000   0.000   0.000   0.000 t000_ V
24   74 180 180     0.000    0.000    0.000   0.000   0.000   0.000   0.000 t000_ W
24   73 181 181     0.000    0.000    0.000   0.000   0.000   0.000   0.000 t000_ S
24   72 182 182     0.000    0.000    0.000   0.000   0.000   0.000   0.000 t000_ F
24   71 183 183     0.000    0.000    0.000   0.000   0.000   0.000   0.000 t000_ G
24   70 184 184     0.000    0.000    0.000   0.000   0.000   0.000   0.000 t000_ I
24   69 185 185     0.000    0.000    0.000   0.000   0.000   0.000   0.000 t000_ L
24   68 186 186     0.000    0.000    0.000   0.000   0.000   0.000   0.000 t000_ L
24   67 187 187     0.000    0.000    0.000   0.000   0.000   0.000   0.000 t000_ T
24   66 188 188     0.000    0.000    0.000   0.000   0.000   0.000   0.000 t000_ E
24   65 189 189     0.000    0.000    0.000   0.000   0.000   0.000   0.000 t000_ L
24   64 190 190     0.000    0.000    0.000   0.000   0.000   0.000   0.000 t000_ T
24   63 191 191     0.000    0.000    0.000   0.000   0.000   0.000   0.000 t000_ T
24   62 192 192     0.000    0.000    0.000   0.000   0.000   0.000   0.000 t000_ K
24   61 193 193     0.000    0.000    0.000   0.000   0.000   0.000   0.000 t000_ G
24   60 194 194     0.000    0.000    0.000   0.000   0.000   0.000   0.000 t000_ R
24   59 195 195     0.000    0.000    0.000   0.000   0.000   0.000   0.000 t000_ V
24   58 196 196     0.000    0.000    0.000   0.000   0.000   0.000   0.000 t000_ P
24   57 197 197     0.000    0.000    0.000   0.000   0.000   0.000   0.000 t000_ Y
24   56 198 198     0.000    0.000    0.000   0.000   0.000   0.000   0.000 t000_ P
24   55 199 199     0.000    0.000    0.000   0.000   0.000   0.000   0.000 t000_ G
24   54 200 200     0.000    0.000    0.000   0.000   0.000   0.000   0.000 t000_ M
24   53 201 201     0.000    0.000    0.000   0.000   0.000   0.000   0.000 t000_ V
24   52 202 202     0.000    0.000    0.000   0.000   0.000   0.000   0.000 t000_ N
24   51 203 203     0.000    0.000    0.000   0.000   0.000   0.000   0.000 t000_ R
24   50 204 204     0.000    0.000    0.000   0.000   0.000   0.000   0.000 t000_ E
24   49 205 205     0.000    0.000    0.000   0.000   0.000   0.000   0.000 t000_ V
24   48 206 206     0.000    0.000    0.000   0.000   0.000   0.000   0.000 t000_ L
24   47 207 207     0.000    0.000    0.000   0.000   0.000   0.000   0.000 t000_ D
24   46 208 208     0.000    0.000    0.000   0.000   0.000   0.000   0.000 t000_ Q
24   45 209 209     0.000    0.000    0.000   0.000   0.000   0.000   0.000 t000_ V
24   44 210 210     0.000    0.000    0.000   0.000   0.000   0.000   0.000 t000_ E
24   43 211 211     0.000    0.000    0.000   0.000   0.000   0.000   0.000 t000_ R
24   42 212 212     0.000    0.000    0.000   0.000   0.000   0.000   0.000 t000_ G
24   41 213 213     0.000    0.000    0.000   0.000   0.000   0.000   0.000 t000_ Y
24   40 214 214     0.000    0.000    0.000   0.000   0.000   0.000   0.000 t000_ R
24   39 215 215     0.000    0.000    0.000   0.000   0.000   0.000   0.000 t000_ M
24   38 216 216     0.000    0.000    0.000   0.000   0.000   0.000   0.000 t000_ P
24   37 217 217     0.000    0.000    0.000   0.000   0.000   0.000   0.000 t000_ C
24   36 218 218     0.000    0.000    0.000   0.000   0.000   0.000   0.000 t000_ P
24   35 219 219     0.000    0.000    0.000   0.000   0.000   0.000   0.000 t000_ P
24   34 220 220     0.000    0.000    0.000   0.000   0.000   0.000   0.000 t000_ E
24   33 221 221     0.000    0.000    0.000   0.000   0.000   0.000   0.000 t000_ C
24   32 222 222     0.000    0.000    0.000   0.000   0.000   0.000   0.000 t000_ P
24   31 223 223     0.000    0.000    0.000   0.000   0.000   0.000   0.000 t000_ E
24   30 224 224     0.000    0.000    0.000   0.000   0.000   0.000   0.000 t000_ S
24   29 225 225     0.000    0.000    0.000   0.000   0.000   0.000   0.000 t000_ L
24   28 226 226     0.000    0.000    0.000   0.000   0.000   0.000   0.000 t000_ H
24   27 227 227     0.000    0.000    0.000   0.000   0.000   0.000   0.000 t000_ D
24   26 228 228     0.000    0.000    0.000   0.000   0.000   0.000   0.000 t000_ L
24   25 229 229     0.000    0.000    0.000   0.000   0.000   0.000   0.000 t000_ M
24   24 230 230     0.000    0.000    0.000   0.000   0.000   0.000   0.000 t000_ C
24   23 231 231     0.000    0.000    0.000   0.000   0.000   0.000   0.000 t000_ Q
24   22 232 232     0.000    0.000    0.000   0.000   0.000   0.000   0.000 t000_ C
24   21 233 233     0.000    0.000    0.000   0.000   0.000   0.000   0.000 t000_ W
24   20 234 234     0.000    0.000    0.000   0.000   0.000   0.000   0.000 t000_ R
24   19 235 235     0.000    0.000    0.000   0.000   0.000   0.000   0.000 t000_ K
24   18 236 236     0.000    0.000    0.000   0.000   0.000   0.000   0.000 t000_ E
24   17 237 237     0.000    0.000    0.000   0.000   0.000   0.000   0.000 t000_ P
24   16 238 238     0.000    0.000    0.000   0.000   0.000   0.000   0.000 t000_ E
24   15 239 239     0.000    0.000    0.000   0.000   0.000   0.000   0.000 t000_ E
24   14 240 240     0.000    0.000    0.000   0.000   0.000   0.000   0.000 t000_ R
24   13 241 241     0.000    0.000    0.000   0.000   0.000   0.000   0.000 t000_ P
24   12 242 242     0.000    0.000    0.000   0.000   0.000   0.000   0.000 t000_ T
24   11 243 243     0.000    0.000    0.000   0.000   0.000   0.000   0.000 t000_ F
24   10 244 244     0.000    0.000    0.000   0.000   0.000   0.000   0.000 t000_ E
24    9 245 245     0.000    0.000    0.000   0.000   0.000   0.000   0.000 t000_ Y
24    8 246 246     0.000    0.000    0.000   0.000   0.000   0.000   0.000 t000_ L
24    7 247 247     0.000    0.000    0.000   0.000   0.000   0.000   0.000 t000_ Q
24    6 248 248     0.000    0.000    0.000   0.000   0.000   0.000   0.000 t000_ A
24    5 249 249     0.000    0.000    0.000   0.000   0.000   0.000   0.000 t000_ F
24    4 250 250     0.000    0.000    0.000   0.000   0.000   0.000   0.000 t000_ L
24    3 251 251     0.000    0.000    0.000   0.000   0.000   0.000   0.000 t000_ E
24    2 252 252     0.000    0.000    0.000   0.000   0.000   0.000   0.000 t000_ D
24    1 253 253     0.000    0.000    0.000   0.000   0.000   0.000   0.000 t000_ Y
24    0 254 254     0.000    0.000    0.000   0.000   0.000   0.000   0.000 t000_ F
