24  267   1   1     0.000    0.000    0.000   0.000   0.000   0.000   0.000 t000_ L
24  266   2   2     0.000    0.000    0.000   0.000   0.000   0.000   0.000 t000_ R
24  265   3   3     0.000    0.000    0.000   0.000   0.000   0.000   0.000 t000_ K
24  264   4   4     0.000    0.000    0.000   0.000   0.000   0.000   0.000 t000_ V
24  263   5   5     0.000    0.000    0.000   0.000   0.000   0.000   0.000 t000_ K
24  262   6   6     0.000    0.000    0.000   0.000   0.000   0.000   0.000 t000_ V
24  261   7   7     0.000    0.000    0.000   0.000   0.000   0.000   0.000 t000_ L
24  260   8   8     0.000    0.000    0.000   0.000   0.000   0.000   0.000 t000_ G
24  259   9   9     0.000    0.000    0.000   0.000   0.000   0.000   0.000 t000_ S
24  258  10  10     0.000    0.000    0.000   0.000   0.000   0.000   0.000 t000_ G
24  257  11  11     0.000    0.000    0.000   0.000   0.000   0.000   0.000 t000_ A
24  256  12  12     0.000    0.000    0.000   0.000   0.000   0.000   0.000 t000_ F
24  255  13  13     0.000    0.000    0.000   0.000   0.000   0.000   0.000 t000_ G
24  254  14  14     0.000    0.000    0.000   0.000   0.000   0.000   0.000 t000_ T
24  253  15  15     0.000    0.000    0.000   0.000   0.000   0.000   0.000 t000_ V
24  252  16  16     0.000    0.000    0.000   0.000   0.000   0.000   0.000 t000_ Y
24  251  17  17     0.000    0.000    0.000   0.000   0.000   0.000   0.000 t000_ K
24  250  18  18     0.000    0.000    0.000   0.000   0.000   0.000   0.000 t000_ G
24  249  19  19     0.000    0.000    0.000   0.000   0.000   0.000   0.000 t000_ I
24  248  20  20     0.000    0.000    0.000   0.000   0.000   0.000   0.000 t000_ W
24  247  21  21     0.000    0.000    0.000   0.000   0.000   0.000   0.000 t000_ I
24  246  22  22     0.000    0.000    0.000   0.000   0.000   0.000   0.000 t000_ P
24  245  23  23     0.000    0.000    0.000   0.000   0.000   0.000   0.000 t000_ D
24  244  24  24     0.000    0.000    0.000   0.000   0.000   0.000   0.000 t000_ G
24  243  25  25     0.000    0.000    0.000   0.000   0.000   0.000   0.000 t000_ E
24  242  26  26     0.000    0.000    0.000   0.000   0.000   0.000   0.000 t000_ N
24  241  27  27     0.000    0.000    0.000   0.000   0.000   0.000   0.000 t000_ V
24  240  28  28     0.000    0.000    0.000   0.000   0.000   0.000   0.000 t000_ K
24  239  29  29     0.000    0.000    0.000   0.000   0.000   0.000   0.000 t000_ I
24  238  30  30     0.000    0.000    0.000   0.000   0.000   0.000   0.000 t000_ P
24  237  31  31     0.000    0.000    0.000   0.000   0.000   0.000   0.000 t000_ V
24  236  32  32     0.000    0.000    0.000   0.000   0.000   0.000   0.000 t000_ A
24  235  33  33     0.000    0.000    0.000   0.000   0.000   0.000   0.000 t000_ I
24  234  34  34     0.000    0.000    0.000   0.000   0.000   0.000   0.000 t000_ K
24  233  35  35     0.000    0.000    0.000   0.000   0.000   0.000   0.000 t000_ V
24  232  36  36     0.000    0.000    0.000   0.000   0.000   0.000   0.000 t000_ L
24  231  37  37     0.000    0.000    0.000   0.000   0.000   0.000   0.000 t000_ R
24  230  38  38     0.000    0.000    0.000   0.000   0.000   0.000   0.000 t000_ E
24  229  39  39     0.000    0.000    0.000   0.000   0.000   0.000   0.000 t000_ N
24  228  40  40     0.000    0.000    0.000   0.000   0.000   0.000   0.000 t000_ T
24  227  41  41     0.000    0.000    0.000   0.000   0.000   0.000   0.000 t000_ S
24  226  42  42     0.000    0.000    0.000   0.000   0.000   0.000   0.000 t000_ P
24  225  43  43     0.000    0.000    0.000   0.000   0.000   0.000   0.000 t000_ K
24  224  44  44     0.000    0.000    0.000   0.000   0.000   0.000   0.000 t000_ A
24  223  45  45     0.000    0.000    0.000   0.000   0.000   0.000   0.000 t000_ N
24  222  46  46     0.000    0.000    0.000   0.000   0.000   0.000   0.000 t000_ K
24  221  47  47     0.000    0.000    0.000   0.000   0.000   0.000   0.000 t000_ E
24  220  48  48     0.000    0.000    0.000   0.000   0.000   0.000   0.000 t000_ I
24  219  49  49     0.000    0.000    0.000   0.000   0.000   0.000   0.000 t000_ L
24  218  50  50     0.000    0.000    0.000   0.000   0.000   0.000   0.000 t000_ D
24  217  51  51     0.000    0.000    0.000   0.000   0.000   0.000   0.000 t000_ E
24  216  52  52     0.000    0.000    0.000   0.000   0.000   0.000   0.000 t000_ A
24  215  53  53     0.000    0.000    0.000   0.000   0.000   0.000   0.000 t000_ Y
24  214  54  54     0.000    0.000    0.000   0.000   0.000   0.000   0.000 t000_ V
24  213  55  55     0.000    0.000    0.000   0.000   0.000   0.000   0.000 t000_ M
24  212  56  56     0.000    0.000    0.000   0.000   0.000   0.000   0.000 t000_ A
24  211  57  57     0.000    0.000    0.000   0.000   0.000   0.000   0.000 t000_ G
24  210  58  58     0.000    0.000    0.000   0.000   0.000   0.000   0.000 t000_ V
24  209  59  59     0.000    0.000    0.000   0.000   0.000   0.000   0.000 t000_ G
24  208  60  60     0.000    0.000    0.000   0.000   0.000   0.000   0.000 t000_ S
24  207  61  61     0.000    0.000    0.000   0.000   0.000   0.000   0.000 t000_ P
24  206  62  62     0.000    0.000    0.000   0.000   0.000   0.000   0.000 t000_ Y
24  205  63  63     0.000    0.000    0.000   0.000   0.000   0.000   0.000 t000_ V
24  204  64  64     0.000    0.000    0.000   0.000   0.000   0.000   0.000 t000_ S
24  203  65  65     0.000    0.000    0.000   0.000   0.000   0.000   0.000 t000_ R
24  202  66  66     0.000    0.000    0.000   0.000   0.000   0.000   0.000 t000_ L
24  201  67  67     0.000    0.000    0.000   0.000   0.000   0.000   0.000 t000_ L
24  200  68  68     0.000    0.000    0.000   0.000   0.000   0.000   0.000 t000_ G
24  199  69  69     0.000    0.000    0.000   0.000   0.000   0.000   0.000 t000_ I
24  198  70  70     0.000    0.000    0.000   0.000   0.000   0.000   0.000 t000_ C
24  197  71  71     0.000    0.000    0.000   0.000   0.000   0.000   0.000 t000_ L
24  196  72  72     0.000    0.000    0.000   0.000   0.000   0.000   0.000 t000_ T
24  195  73  73     0.000    0.000    0.000   0.000   0.000   0.000   0.000 t000_ S
24  194  74  74     0.000    0.000    0.000   0.000   0.000   0.000   0.000 t000_ T
24  193  75  75     0.000    0.000    0.000   0.000   0.000   0.000   0.000 t000_ V
24  192  76  76     0.000    0.000    0.000   0.000   0.000   0.000   0.000 t000_ Q
24  191  77  77     0.000    0.000    0.000   0.000   0.000   0.000   0.000 t000_ L
24  190  78  78     0.000    0.000    0.000   0.000   0.000   0.000   0.000 t000_ V
24  189  79  79     0.000    0.000    0.000   0.000   0.000   0.000   0.000 t000_ T
24  188  80  80     0.000    0.000    0.000   0.000   0.000   0.000   0.000 t000_ Q
24  187  81  81     0.000    0.000    0.000   0.000   0.000   0.000   0.000 t000_ L
24  186  82  82     0.000    0.000    0.000   0.000   0.000   0.000   0.000 t000_ M
24  185  83  83     0.000    0.000    0.000   0.000   0.000   0.000   0.000 t000_ P
24  184  84  84     0.000    0.000    0.000   0.000   0.000   0.000   0.000 t000_ Y
24  183  85  85     0.000    0.000    0.000   0.000   0.000   0.000   0.000 t000_ G
24  182  86  86     0.000    0.000    0.000   0.000   0.000   0.000   0.000 t000_ C
24  181  87  87     0.000    0.000    0.000   0.000   0.000   0.000   0.000 t000_ L
24  180  88  88     0.000    0.000    0.000   0.000   0.000   0.000   0.000 t000_ L
24  179  89  89     0.000    0.000    0.000   0.000   0.000   0.000   0.000 t000_ D
24  178  90  90     0.000    0.000    0.000   0.000   0.000   0.000   0.000 t000_ H
24  177  91  91     0.000    0.000    0.000   0.000   0.000   0.000   0.000 t000_ V
24  176  92  92     0.000    0.000    0.000   0.000   0.000   0.000   0.000 t000_ R
24  175  93  93     0.000    0.000    0.000   0.000   0.000   0.000   0.000 t000_ E
24  174  94  94     0.000    0.000    0.000   0.000   0.000   0.000   0.000 t000_ N
24  173  95  95     0.000    0.000    0.000   0.000   0.000   0.000   0.000 t000_ R
24  172  96  96     0.000    0.000    0.000   0.000   0.000   0.000   0.000 t000_ G
24  171  97  97     0.000    0.000    0.000   0.000   0.000   0.000   0.000 t000_ R
24  170  98  98     0.000    0.000    0.000   0.000   0.000   0.000   0.000 t000_ L
24  169  99  99     0.000    0.000    0.000   0.000   0.000   0.000   0.000 t000_ G
24  168 100 100     0.000    0.000    0.000   0.000   0.000   0.000   0.000 t000_ S
24  167 101 101     0.000    0.000    0.000   0.000   0.000   0.000   0.000 t000_ Q
24  166 102 102     0.000    0.000    0.000   0.000   0.000   0.000   0.000 t000_ D
24  165 103 103     0.000    0.000    0.000   0.000   0.000   0.000   0.000 t000_ L
24  164 104 104     0.000    0.000    0.000   0.000   0.000   0.000   0.000 t000_ L
24  163 105 105     0.000    0.000    0.000   0.000   0.000   0.000   0.000 t000_ N
24  162 106 106     0.000    0.000    0.000   0.000   0.000   0.000   0.000 t000_ W
24  161 107 107     0.000    0.000    0.000   0.000   0.000   0.000   0.000 t000_ C
24  160 108 108     0.000    0.000    0.000   0.000   0.000   0.000   0.000 t000_ M
24  159 109 109     0.000    0.000    0.000   0.000   0.000   0.000   0.000 t000_ Q
24  158 110 110     0.000    0.000    0.000   0.000   0.000   0.000   0.000 t000_ I
24  157 111 111     0.000    0.000    0.000   0.000   0.000   0.000   0.000 t000_ A
24  156 112 112     0.000    0.000    0.000   0.000   0.000   0.000   0.000 t000_ K
24  155 113 113     0.000    0.000    0.000   0.000   0.000   0.000   0.000 t000_ G
24  154 114 114     0.000    0.000    0.000   0.000   0.000   0.000   0.000 t000_ M
24  153 115 115     0.000    0.000    0.000   0.000   0.000   0.000   0.000 t000_ S
24  152 116 116     0.000    0.000    0.000   0.000   0.000   0.000   0.000 t000_ Y
24  151 117 117     0.000    0.000    0.000   0.000   0.000   0.000   0.000 t000_ L
24  150 118 118     0.000    0.000    0.000   0.000   0.000   0.000   0.000 t000_ E
24  149 119 119     0.000    0.000    0.000   0.000   0.000   0.000   0.000 t000_ D
24  148 120 120     0.000    0.000    0.000   0.000   0.000   0.000   0.000 t000_ V
24  147 121 121     0.000    0.000    0.000   0.000   0.000   0.000   0.000 t000_ R
24  146 122 122     0.000    0.000    0.000   0.000   0.000   0.000   0.000 t000_ L
24  145 123 123     0.000    0.000    0.000   0.000   0.000   0.000   0.000 t000_ V
24  144 124 124     0.000    0.000    0.000   0.000   0.000   0.000   0.000 t000_ H
24  143 125 125     0.000    0.000    0.000   0.000   0.000   0.000   0.000 t000_ R
24  142 126 126     0.000    0.000    0.000   0.000   0.000   0.000   0.000 t000_ D
24  141 127 127     0.000    0.000    0.000   0.000   0.000   0.000   0.000 t000_ L
24  140 128 128     0.000    0.000    0.000   0.000   0.000   0.000   0.000 t000_ A
24  139 129 129     0.000    0.000    0.000   0.000   0.000   0.000   0.000 t000_ A
24  138 130 130     0.000    0.000    0.000   0.000   0.000   0.000   0.000 t000_ R
24  137 131 131     0.000    0.000    0.000   0.000   0.000   0.000   0.000 t000_ N
24  136 132 132     0.000    0.000    0.000   0.000   0.000   0.000   0.000 t000_ V
24  135 133 133     0.000    0.000    0.000   0.000   0.000   0.000   0.000 t000_ L
24  134 134 134     0.000    0.000    0.000   0.000   0.000   0.000   0.000 t000_ V
24  133 135 135     0.000    0.000    0.000   0.000   0.000   0.000   0.000 t000_ K
24  132 136 136     0.000    0.000    0.000   0.000   0.000   0.000   0.000 t000_ S
24  131 137 137     0.000    0.000    0.000   0.000   0.000   0.000   0.000 t000_ P
24  130 138 138     0.000    0.000    0.000   0.000   0.000   0.000   0.000 t000_ N
24  129 139 139     0.000    0.000    0.000   0.000   0.000   0.000   0.000 t000_ H
24  128 140 140     0.000    0.000    0.000   0.000   0.000   0.000   0.000 t000_ V
24  127 141 141     0.000    0.000    0.000   0.000   0.000   0.000   0.000 t000_ K
24  126 142 142     0.000    0.000    0.000   0.000   0.000   0.000   0.000 t000_ I
24  125 143 143     0.000    0.000    0.000   0.000   0.000   0.000   0.000 t000_ T
24  124 144 144     0.000    0.000    0.000   0.000   0.000   0.000   0.000 t000_ D
24  123 145 145     0.000    0.000    0.000   0.000   0.000   0.000   0.000 t000_ F
24  122 146 146     0.000    0.000    0.000   0.000   0.000   0.000   0.000 t000_ G
24  121 147 147     0.000    0.000    0.000   0.000   0.000   0.000   0.000 t000_ L
24  120 148 148     0.000    0.000    0.000   0.000   0.000   0.000   0.000 t000_ A
24  119 149 149     0.000    0.000    0.000   0.000   0.000   0.000   0.000 t000_ R
24  118 150 150     0.000    0.000    0.000   0.000   0.000   0.000   0.000 t000_ L
24  117 151 151     0.000    0.000    0.000   0.000   0.000   0.000   0.000 t000_ L
24  116 152 152     0.000    0.000    0.000   0.000   0.000   0.000   0.000 t000_ D
24  115 153 153     0.000    0.000    0.000   0.000   0.000   0.000   0.000 t000_ I
24  114 154 154     0.000    0.000    0.000   0.000   0.000   0.000   0.000 t000_ D
24  113 155 155     0.000    0.000    0.000   0.000   0.000   0.000   0.000 t000_ E
24  112 156 156     0.000    0.000    0.000   0.000   0.000   0.000   0.000 t000_ T
24  111 157 157     0.000    0.000    0.000   0.000   0.000   0.000   0.000 t000_ E
24  110 158 158     0.000    0.000    0.000   0.000   0.000   0.000   0.000 t000_ Y
24  109 159 159     0.000    0.000    0.000   0.000   0.000   0.000   0.000 t000_ H
24  108 160 160     0.000    0.000    0.000   0.000   0.000   0.000   0.000 t000_ A
24  107 161 161     0.000    0.000    0.000   0.000   0.000   0.000   0.000 t000_ D
24  106 162 162     0.000    0.000    0.000   0.000   0.000   0.000   0.000 t000_ G
24  105 163 163     0.000    0.000    0.000   0.000   0.000   0.000   0.000 t000_ G
24  104 164 164     0.000    0.000    0.000   0.000   0.000   0.000   0.000 t000_ K
24  103 165 165     0.000    0.000    0.000   0.000   0.000   0.000   0.000 t000_ V
24  102 166 166     0.000    0.000    0.000   0.000   0.000   0.000   0.000 t000_ P
24  101 167 167     0.000    0.000    0.000   0.000   0.000   0.000   0.000 t000_ I
24  100 168 168     0.000    0.000    0.000   0.000   0.000   0.000   0.000 t000_ K
24   99 169 169     0.000    0.000    0.000   0.000   0.000   0.000   0.000 t000_ W
24   98 170 170     0.000    0.000    0.000   0.000   0.000   0.000   0.000 t000_ M
24   97 171 171     0.000    0.000    0.000   0.000   0.000   0.000   0.000 t000_ A
24   96 172 172     0.000    0.000    0.000   0.000   0.000   0.000   0.000 t000_ L
24   95 173 173     0.000    0.000    0.000   0.000   0.000   0.000   0.000 t000_ E
24   94 174 174     0.000    0.000    0.000   0.000   0.000   0.000   0.000 t000_ S
24   93 175 175     0.000    0.000    0.000   0.000   0.000   0.000   0.000 t000_ I
24   92 176 176     0.000    0.000    0.000   0.000   0.000   0.000   0.000 t000_ L
24   91 177 177     0.000    0.000    0.000   0.000   0.000   0.000   0.000 t000_ R
24   90 178 178     0.000    0.000    0.000   0.000   0.000   0.000   0.000 t000_ R
24   89 179 179     0.000    0.000    0.000   0.000   0.000   0.000   0.000 t000_ R
24   88 180 180     0.000    0.000    0.000   0.000   0.000   0.000   0.000 t000_ F
24   87 181 181     0.000    0.000    0.000   0.000   0.000   0.000   0.000 t000_ T
24   86 182 182     0.000    0.000    0.000   0.000   0.000   0.000   0.000 t000_ H
24   85 183 183     0.000    0.000    0.000   0.000   0.000   0.000   0.000 t000_ Q
24   84 184 184     0.000    0.000    0.000   0.000   0.000   0.000   0.000 t000_ S
24   83 185 185     0.000    0.000    0.000   0.000   0.000   0.000   0.000 t000_ D
24   82 186 186     0.000    0.000    0.000   0.000   0.000   0.000   0.000 t000_ V
24   81 187 187     0.000    0.000    0.000   0.000   0.000   0.000   0.000 t000_ W
24   80 188 188     0.000    0.000    0.000   0.000   0.000   0.000   0.000 t000_ S
24   79 189 189     0.000    0.000    0.000   0.000   0.000   0.000   0.000 t000_ Y
24   78 190 190     0.000    0.000    0.000   0.000   0.000   0.000   0.000 t000_ G
24   77 191 191     0.000    0.000    0.000   0.000   0.000   0.000   0.000 t000_ V
24   76 192 192     0.000    0.000    0.000   0.000   0.000   0.000   0.000 t000_ T
24   75 193 193     0.000    0.000    0.000   0.000   0.000   0.000   0.000 t000_ V
24   74 194 194     0.000    0.000    0.000   0.000   0.000   0.000   0.000 t000_ W
24   73 195 195     0.000    0.000    0.000   0.000   0.000   0.000   0.000 t000_ E
24   72 196 196     0.000    0.000    0.000   0.000   0.000   0.000   0.000 t000_ L
24   71 197 197     0.000    0.000    0.000   0.000   0.000   0.000   0.000 t000_ M
24   70 198 198     0.000    0.000    0.000   0.000   0.000   0.000   0.000 t000_ T
24   69 199 199     0.000    0.000    0.000   0.000   0.000   0.000   0.000 t000_ F
24   68 200 200     0.000    0.000    0.000   0.000   0.000   0.000   0.000 t000_ G
24   67 201 201     0.000    0.000    0.000   0.000   0.000   0.000   0.000 t000_ A
24   66 202 202     0.000    0.000    0.000   0.000   0.000   0.000   0.000 t000_ K
24   65 203 203     0.000    0.000    0.000   0.000   0.000   0.000   0.000 t000_ P
24   64 204 204     0.000    0.000    0.000   0.000   0.000   0.000   0.000 t000_ Y
24   63 205 205     0.000    0.000    0.000   0.000   0.000   0.000   0.000 t000_ D
24   62 206 206     0.000    0.000    0.000   0.000   0.000   0.000   0.000 t000_ G
24   61 207 207     0.000    0.000    0.000   0.000   0.000   0.000   0.000 t000_ I
24   60 208 208     0.000    0.000    0.000   0.000   0.000   0.000   0.000 t000_ P
24   59 209 209     0.000    0.000    0.000   0.000   0.000   0.000   0.000 t000_ A
24   58 210 210     0.000    0.000    0.000   0.000   0.000   0.000   0.000 t000_ R
24   57 211 211     0.000    0.000    0.000   0.000   0.000   0.000   0.000 t000_ E
24   56 212 212     0.000    0.000    0.000   0.000   0.000   0.000   0.000 t000_ I
24   55 213 213     0.000    0.000    0.000   0.000   0.000   0.000   0.000 t000_ P
24   54 214 214     0.000    0.000    0.000   0.000   0.000   0.000   0.000 t000_ D
24   53 215 215     0.000    0.000    0.000   0.000   0.000   0.000   0.000 t000_ L
24   52 216 216     0.000    0.000    0.000   0.000   0.000   0.000   0.000 t000_ L
24   51 217 217     0.000    0.000    0.000   0.000   0.000   0.000   0.000 t000_ E
24   50 218 218     0.000    0.000    0.000   0.000   0.000   0.000   0.000 t000_ K
24   49 219 219     0.000    0.000    0.000   0.000   0.000   0.000   0.000 t000_ G
24   48 220 220     0.000    0.000    0.000   0.000   0.000   0.000   0.000 t000_ E
24   47 221 221     0.000    0.000    0.000   0.000   0.000   0.000   0.000 t000_ R
24   46 222 222     0.000    0.000    0.000   0.000   0.000   0.000   0.000 t000_ L
24   45 223 223     0.000    0.000    0.000   0.000   0.000   0.000   0.000 t000_ P
24   44 224 224     0.000    0.000    0.000   0.000   0.000   0.000   0.000 t000_ Q
24   43 225 225     0.000    0.000    0.000   0.000   0.000   0.000   0.000 t000_ P
24   42 226 226     0.000    0.000    0.000   0.000   0.000   0.000   0.000 t000_ P
24   41 227 227     0.000    0.000    0.000   0.000   0.000   0.000   0.000 t000_ I
24   40 228 228     0.000    0.000    0.000   0.000   0.000   0.000   0.000 t000_ C
24   39 229 229     0.000    0.000    0.000   0.000   0.000   0.000   0.000 t000_ T
24   38 230 230     0.000    0.000    0.000   0.000   0.000   0.000   0.000 t000_ I
24   37 231 231     0.000    0.000    0.000   0.000   0.000   0.000   0.000 t000_ D
24   36 232 232     0.000    0.000    0.000   0.000   0.000   0.000   0.000 t000_ V
24   35 233 233     0.000    0.000    0.000   0.000   0.000   0.000   0.000 t000_ Y
24   34 234 234     0.000    0.000    0.000   0.000   0.000   0.000   0.000 t000_ M
24   33 235 235     0.000    0.000    0.000   0.000   0.000   0.000   0.000 t000_ I
24   32 236 236     0.000    0.000    0.000   0.000   0.000   0.000   0.000 t000_ M
24   31 237 237     0.000    0.000    0.000   0.000   0.000   0.000   0.000 t000_ V
24   30 238 238     0.000    0.000    0.000   0.000   0.000   0.000   0.000 t000_ K
24   29 239 239     0.000    0.000    0.000   0.000   0.000   0.000   0.000 t000_ C
24   28 240 240     0.000    0.000    0.000   0.000   0.000   0.000   0.000 t000_ W
24   27 241 241     0.000    0.000    0.000   0.000   0.000   0.000   0.000 t000_ M
24   26 242 242     0.000    0.000    0.000   0.000   0.000   0.000   0.000 t000_ I
24   25 243 243     0.000    0.000    0.000   0.000   0.000   0.000   0.000 t000_ D
24   24 244 244     0.000    0.000    0.000   0.000   0.000   0.000   0.000 t000_ S
24   23 245 245     0.000    0.000    0.000   0.000   0.000   0.000   0.000 t000_ E
24   22 246 246     0.000    0.000    0.000   0.000   0.000   0.000   0.000 t000_ C
24   21 247 247     0.000    0.000    0.000   0.000   0.000   0.000   0.000 t000_ R
24   20 248 248     0.000    0.000    0.000   0.000   0.000   0.000   0.000 t000_ P
24   19 249 249     0.000    0.000    0.000   0.000   0.000   0.000   0.000 t000_ R
24   18 250 250     0.000    0.000    0.000   0.000   0.000   0.000   0.000 t000_ F
24   17 251 251     0.000    0.000    0.000   0.000   0.000   0.000   0.000 t000_ R
24   16 252 252     0.000    0.000    0.000   0.000   0.000   0.000   0.000 t000_ E
24   15 253 253     0.000    0.000    0.000   0.000   0.000   0.000   0.000 t000_ L
24   14 254 254     0.000    0.000    0.000   0.000   0.000   0.000   0.000 t000_ V
24   13 255 255     0.000    0.000    0.000   0.000   0.000   0.000   0.000 t000_ S
24   12 256 256     0.000    0.000    0.000   0.000   0.000   0.000   0.000 t000_ E
24   11 257 257     0.000    0.000    0.000   0.000   0.000   0.000   0.000 t000_ F
24   10 258 258     0.000    0.000    0.000   0.000   0.000   0.000   0.000 t000_ S
24    9 259 259     0.000    0.000    0.000   0.000   0.000   0.000   0.000 t000_ R
24    8 260 260     0.000    0.000    0.000   0.000   0.000   0.000   0.000 t000_ M
24    7 261 261     0.000    0.000    0.000   0.000   0.000   0.000   0.000 t000_ A
24    6 262 262     0.000    0.000    0.000   0.000   0.000   0.000   0.000 t000_ R
24    5 263 263     0.000    0.000    0.000   0.000   0.000   0.000   0.000 t000_ D
24    4 264 264     0.000    0.000    0.000   0.000   0.000   0.000   0.000 t000_ P
24    3 265 265     0.000    0.000    0.000   0.000   0.000   0.000   0.000 t000_ Q
24    2 266 266     0.000    0.000    0.000   0.000   0.000   0.000   0.000 t000_ R
24    1 267 267     0.000    0.000    0.000   0.000   0.000   0.000   0.000 t000_ F
24    0 268 268     0.000    0.000    0.000   0.000   0.000   0.000   0.000 t000_ V
